$ANSIBLE_VAULT;1.1;AES256
65633231396464646439633538346133303134666566646265323336316130636637303039636430
6333613238323331666166373761333064646133666465650a366533363535326135396230643866
36306662313235616664633732646439353666386334653361623736366463346662343038313132
3338643061656661370a346235636235346631633936666239623664393539346663343733353938
64313738376430376131353963373561646162636636396565666263363533373566333963653163
32393539313865646461613832613236623566373137643231326430656533613534663137363635
39613863313933663063353665613961343461613961616163303331636237383261333935333930
66616533656634663765383764346437386639663938656534363834643164396634666537383662
38623962353035363663383134366232633664333839363130663037653334373862373935613730
33343161323331666236306336353164636262383135643137353138366337643931313738343539
34353134373633633338646462323363663766303038636238326231653335396633316365643434
38393064393662636630646264376461636662626664663831636636386533663464616433656265
61383339623464323265663738643964636563373737303564343138303532343638393863623162
62646533393832653939626266323536343565653631626331373537613633666438636637636138
38356565623865323438306564623830623835656634333538373566643039643932323334616266
30666132633430306136343866323139393463353536343436663635303436333932393866343635
33306562326165373134663136313737353935656230666532363365333166666539646539623535
66303564373332336334363539313835633032323634323061653334363731326337376435326266
66616265343263303133396435663561306331396363326136626533623638343639393834363633
66336134643631623433626438663333613564376464633433653633656636396364343131653638
35303630656363353437636361333934666438376237346663363766303037666262633238663935
65373539303866346135623132383837626234643637653638393266303663323139323637343836
62626234396663396666303762333230326335653537313230613164663765313963666134376661
66363864393464363837633361643366613235346562303161386461623964303263393362616533
38373166333833626236666564666234373335396662643861356265316535656139626238323834
65383163326534306434393265666264386630363831653661333962323734623666303466396564
65306333366563396131316363333532323662376336653764313362613365373563646365393364
36656630656463326133353538663030653534303435323966376536343739313362636161353364
32646639346139323931623338316163346339333533646162643831353064353431613962646530
35623963663361333831333936656364663934333030353962653435623638643934333031323931
35663963613961366537636635386262653232653164363761373266393039633366386364373664
62623133646538356435333938323733353936313737393666376661363234383232333031656532
33313962353161383338653136666166653332613665353866646438386134373731376535393339
64663330373565393230613035386331303466336539623239393537353366353131363862643034
64616634366436333731623634366261646263376639393236383732653038393966656630303334
34386535626233643964633463303463346263386562613262383461636562396162326531663761
39323434666636383236323633336363356639396362393966656231623666313331656562653336
64666263373165303563333863666166613366383661373135343063396138613836366336333864
64613366316439363563366535316236366630336333643963353338316665373538303263303135
63313562653236616566653632313534383335656331666635373833643666616235363262303534
37626433353936643461353430373861613465646230656165373064393266633632613435653864
32323538353038623039343033613433363461366536393233616332653430623363386232353265
63336636393435383361666463396163646365626461303735333530313036356537313837336532
35393535346431313865383566626666313031386336363332613162613634316634363461363035
30393639376631306639326637653435643264393964366263613662623039663263366231336663
61646662613661363030646430353836303032313332326332396566343332303766336636303933
64623833303931646461636536333865386337303633623534643438653134383430343062613861
65633062323666346135383565343839386266636135336336383935366461383162396139353431
66313065313136363763336265306139316465393435383235626561653364613132643432353337
63393965316436643766376136366434333633356361323664616236643434316230336564313738
30373561633938626337613664326632353934613734303535613966373331616631366430623037
63303732663264336565316437343033643361636261663136313231366338356465656165323835
62336261663432656439376366346132333162343430386537613638323535393131646232626336
30333838363934376338323434373231386466636233313339343265633536636539326637653863
62353530353532363436393836323561376336313333323665306234636362663965303837356363
31313863366533613038336236343662663966663464346530383761313333366236643839313037
34643165386464363833356365326238616130633664663835393333373565303964303766313561
38373865373666366234363839353331376564373863323765336363616533633961343162636138
37393339626437333335646634393237646362343563373135393832616234663039343262353666
66366562646236646164316130316138663430373563346336373337396338373861643031666230
64393937383530663939353232613966393565336663643365633735393233306461393835363561
35633739613334363432633937356530346162646236333861613864306561313865323263366538
31613937363734373263643465356630346164663736396131313265306434303662643063316130
36666665663539376432396663646634376433333636636232346334393164646633663438383439
33383964366536313233313761376434333132653436393434383832636435366136646137343261
65356532313862636164633064633433663031313233633832343061643631303437336337663162
62633739656436323361643535643162373234626463356333613561373534343664363530343633
30636235353065353230346332643031616465323664343766333561333933343033376534626533
30396262653534646535326236363139653165346536626463363263353762613436343437383663
31393062616637373935373363376639396537323064646337356564356463346430303637643837
38633462393461353266386631383736333532623836633431656639636162306436646130616264
35653165383634396562363030336364366331393139316133383766353831386539363436626234
64653836646161383765646633336565303962656535663732303732306363363630613461303961
33626563393361393163393565303633343965366238613564326430333863323665393532616663
38306634356433316563333233363862646164636633333932393161326636386236333139366166
39663739343133343462663432346163346232646138373164303038626633366234366533653336
39393834646661633563666434303966666161383065653137343837626331386237386265336237
66366632383765643033353631363566636366303735323839333631313463616462643835356233
65656265333939313937633936316662633534323261393165316237383261393562376132393931
34653164616638663065613736346631323535623637653563343330393263303762313836396434
66393737303233623638326261633431306138323231333230356362363331373366363235343331
30366263633430636234366665613431613930336663666639656635656664313831386639353935
61373534313735623663626565653134363330386631633365343538383762326236386437346231
63393739386231666134653038636263363032346665363932356533353435323337356530363338
39613431313031326565326264303931653365313739323839383862626263363531343233373332
36306332386633303564623038633865643538376136656663353261323363303738323563326532
30396165376339646237306435646263323566663362353464393965636632643366376234313961
66616535613835363131663332643631396634376633336538613465666664643936623236366261
38613239383033346464306233626662653239373632616236306236663662393366353731373962
35346438336462613566353936323261326565353335626662333663663733653831646534313737
65356164353934363863346461383865343230636537663163643061616466663536363165353234
35623666356163623935616339343634653336646535633536636164633931336239633864326165
30623535643533383830613361646337396134333937346633626332346661616338653165383536
31633164326431353938643162356637633736383937373461383039366637393933373431303063
37356334626632363230633934623332396530313634616361656233323939623465323432323839
64393332376536306462613464393262613633623131363335376133326461353562646564313064
62396261633962346632623439306432363137646666313232393039383335633735666537643661
63363465323736623662336134633266663166366538333734383364656662323639326238393536
32383063313332626464383732356436303736366637353466386565656363373737333065376439
62343235653637633832383830326135323362653462646563343936336238626337333561636534
65626666343331326134396563316231333266396264616334326231323566623935613362313238
64316632383632396166313733616365356138326638313536333131643564316462663336356536
37313135356139633131386332346330653739373762386233363163663562646461636335636631
62653761366532633766653831653965313733636237323339323833363031303561313837366137
37306438336638376633333631383461626539363961393732653765616430323966326366346433
39393963373565613137623863666662663733363963636531343864383761353832643534656466
38383661616261346336313630613134363664653936303732333965323536306364656433613637
61643532393639333565363938656363376638356638333161653833306331613062313131303465
30643237643136613538653039643334653939616331343135313734373265373036323666656337
35653165626363653736653862613930643438323631386138353231303163353438336361643030
62613839303134636134623766643365353066396664333461396330636332623734343230333064
34633461313138626234623834353536633038643163646637323134316463633435343364663965
62356637303930376432353163376633343936333633643464653237636233333930313266303966
65653866383935363838613366613930366537333634303636643962303139336137343133376639
61623539386661663032326133333163623834303737653032383938323662646361323130303030
39346139623964343138623264346130653262623361333266386534313064323737323130386261
65623466613531613963633437363333373465633162306233303162343930366664336534353761
63303161366562383535663737633361323061643666393535366261616138353663353866366132
63363434393331386333346433616234643562613635613066396462666664303832313837373334
30356335396433326437313861653965636431353964323639386134643234616130633731346561
35363637386230343863613364316565353466393539323638623338393765383133356233316333
35393931353138316466663432373738306438643766663638303963376634626234346261366664
62346332363965353936366531616536656337386135623763373261376436393164656432333338
66363330353030376565306161613139323965373437636338393337613265653737313333303236
64363633393165383661303433363537316564616335343734643961306135366135393530623935
65346636633164636463646233366133653266613634646166666263346236316563336536653032
66326139643438633436643037366231393730626635636132666332626566333432353465613361
63653935363336613235343266653639343064313031633933326661363837636232663039346566
61303333623035666366613866636137336566636338316564306464613739313033313539616463
38663234323239636234353961376139393830633435313235636130376330313738363834363234
38373766386166343839623738393461666561643763313933326136366438653966373566356337
34343935396563666234353430636138303633633230313666373136363164353731333361323464
33346438653733303638633563643033646463646339343263323164383561383639366533386233
38353836623732333432326637303239393232366464313963383237313939663533663834333936
386636333466373332636435643338626235
